Type0E: -39.5791 1.07391 91234.6 1003.03 -178823 106.14
Type1E: 101.125 1.01261 -2589.44 84.9142 -93456 308.624
Type23E: 191.517 0.987774 -9257.47 64.6284 -137231 89.7976
Type0W: -53.2237 1.08396 89153.6 745.237 -1.57461e+06 230.602
Type1W: 49.3439 1.05304 -40035.5 285.627 1.99322e+08 1105.41
Type23W: 229.219 0.98916 -53841.3 105.097 2.16035e+07 262.355
