Type0E: -13.1312 1.05548 42184.4 434.017 -3.53656e+06 273.672
Type1E: 62.3804 1.01889 37370.5 402.755 -1.09589e+07 363.108
Type23E: 179.983 1.0316 -422226 18369.3 -1.13691e+06 92.7894
Type0W: -50.2029 1.07343 79273.4 468.008 -1.10459e+07 366.951
Type1W: -29.7999 1.05669 152774 681.983 -2.90062e+07 488.996
Type23W: 182.788 1.01245 -367959 20985.5 -1.63951e+06 110.722
