Type0E: 30.03455234717594635 1.03808959536681100 522.55312908071789479 -7535.97634953828310245 22.95159999999999911 0.47607323635093657 14.02153898609236116
Type1E: 72.84927642265735415 1.02379813023044219 1031.44236120238542753 -31065.73397044169541914 43.79549999999999699 0.42929265466518163 24.68320844077377174
Type23E: 132.26225903304836606 1.03545055160659794 -1312.62955712457437585 7168.95340693524849485 37.09850000000000136 0.45108245338128761 27.52801862896958340
Type0W: 30.60515176816317506 1.03710017630559648 442.64623532034170239 -4733.09039086400480301 22.93260000000000076 0.34751787418287911 21.78010597723742237
Type1W: 70.97476909187774652 1.02597180177734160 1395.82230978824395606 -48465.19878382493334357 44.99909999999999854 0.50727820826596104 18.01283239138505010
Type23W: 133.07111526253765987 1.03669537468126327 -1554.10764492292196337 19800.83530617958604125 37.79919999999999902 0.36264517902659199 38.84229283652800291
