Type0E: -39.57913407834355723 1.07391402073122300 91234.59566957359493244 1003.02931402963952223 -178823.46295219889725558 106.13983716473813956
Type1E: 101.12482678492561661 1.01260720844761165 -2589.43885964266337396 84.91418086998210413 -93456.04050772883056197 308.62411896939289591
Type23E: 191.51682992697021746 0.98777423255776553 -9257.46632933579712699 64.62841319259304385 -137230.70257637856411748 89.79761046914559586
Type0W: -53.22372403776515171 1.08395644649249467 89153.55515200810623355 745.23663948821945269 -1574605.87433068128302693 230.60151838409478842
Type1W: 49.34387666730920330 1.05304454583760942 -40035.52452410088153556 285.62667045669439858 199322263.22725501656532288 1105.41109819559096650
Type23W: 229.21894173664759364 0.98916007560866293 -53841.34120964387693675 105.09716001459455015 21603479.85467826947569847 262.35524057264899511
