Type0E: 42.87415185576299592 1.02269232402819843 289.83787311946258569 -17431.40191877251345431 0.00000000000000000 0.00000000000000000
Type1E: 100.73633204685057763 1.00899483159118009 -1690.26135794860419992 36229.65999315900990041 0.00000000000000000 0.00000000000000000
Type23E: 178.46317085689196347 0.99829879879328454 -5845.62289875669102912 99210.80208225187379867 0.00000000000000000 0.00000000000000000
Type0W: 42.89555162438057323 1.02261256881179996 288.31403270961544649 -17454.64391845667341840 0.00000000000000000 0.00000000000000000
Type1W: 100.60054260487274291 1.00916712177735990 -1679.78121485092083276 36838.51122629314340884 0.00000000000000000 0.00000000000000000
Type23W: 177.20035830946554256 1.00199563853071605 -5702.98548196118554188 94163.97685319080483168 0.00000000000000000 0.00000000000000000
