Type0E: 29.46128286227829562 1.03854791211905106 531.68944255482335848 -7894.10480829179414286 23.37770000000000081 0.49040294242136351 13.22518446067111419
Type1E: 69.20415429956406683 1.02701360240252937 1578.35450494995825466 -59596.42042471434979234 45.45270000000000010 0.57200801665595868 13.72074000839539565
Type23E: 129.81586971504708572 1.04656578117714805 -1247.51708613850428264 9354.57686498163457145 37.62360000000000326 0.41584064333627396 31.55784430033238408
Type0W: 30.03407393371886869 1.03755255704373828 443.35816029790834136 -4664.44072359735855571 23.47119999999999962 0.34558591623476198 21.77702666330931436
Type1W: 72.01458385056658074 1.02360896821148484 1040.41442246554788653 -34450.34935359021619661 42.64110000000000156 0.47180130877813031 20.61780175720485175
Type23W: 132.40342610667400436 1.04189801521671965 -1568.74215588163542634 20532.31174220036700717 37.73179999999999978 0.36001875871606420 39.12096421095910870
