Type0E: 29.52843223656510929 1.03757028146176733 247.92406216063901070 1489.64020553716545692 58.86549999999999727 0.58800311798362359 8.67297652919480555
Type1E: 57.45371639241102457 1.03762617630298415 2474.38972904993897828 -95321.28374070439895149 79.47509999999999764 0.52265283238484350 15.84373485736557541
Type23E: 111.36634475116602516 1.05749522953708164 944.81218999472355335 -89108.34965549811022356 66.52439999999999998 0.54850171344030241 17.58200143442546803
Type0W: 29.14481815813693188 1.03811151578611471 293.27513240426264929 365.09809727337574259 58.62429999999999808 0.58502966459404304 8.78736132787678415
Type1W: 60.20577966010162640 1.03391887137538308 1866.53315981981882032 -58907.18853853647306096 77.87420000000000186 0.49023146409000301 18.32503154925371902
Type23W: 110.68648423696588168 1.06217291057116903 1092.86045456739157089 -98822.87190929074131418 66.57720000000000482 0.56341031906793426 16.48365623054934304
