Type0E: 29.48075216499604423 1.03835881875145697 436.26899230554573705 -4966.56936447249609046 57.30639999999999645 0.57754464593597332 9.17646634065179434
Type1E: 60.72714115803758261 1.03389326138785620 2665.75404073612025968 -102031.02547686146863271 74.43980000000000530 0.50279674607153912 17.75989717078656938
Type23E: 124.96510991030852722 1.04220331354629625 -650.87727194759293070 -13881.22861800370810670 61.65859999999999985 0.46920422535078715 25.30529552645878510
Type0W: 29.66681149436866249 1.03818108262168907 383.34527788689320005 -2286.33699976333809900 57.24130000000000251 0.56918463251350249 9.49919301028837459
Type1W: 64.62249360345607840 1.02919207439656057 1887.72492367173731509 -63131.43545549778355053 73.50469999999999970 0.47538764927295019 20.00130414679797397
Type23W: 135.67454030353528083 1.02505070341231752 -2306.24561248570216776 55746.60041872518922901 60.83979999999999677 0.40041454695794049 33.81426731591591306
