meanCeEast = -0.506815
sigma = 1.50342
meanSnEast = 2.97881
sigma = 4.65237
meanBiEast = -4.71082
sigma = 12.1827
meanCeWest = -0.921041
sigma = 1.64123
meanSnWest = 2.0106
sigma = 5.34667
meanBiWest = -1.70771
sigma = 12.6343
meanCe = -0.713928
sigma = 1.5874
meanSn = 2.4947
sigma = 5.03488
meanBi = -3.20926
sigma = 12.5011
