meanCeEast = -0.506815
sigma = 1.50342
meanSnEast = 2.94931
sigma = 4.63866
meanBiEast = -4.71082
sigma = 12.1827
meanCeWest = -0.921041
sigma = 1.64123
meanSnWest = 2.0106
sigma = 5.34667
meanBiWest = -1.70771
sigma = 12.6343
