meanCeEast = -1.91005
sigma = 1.22212
meanSnEast = 3.68417
sigma = 4.34491
meanBiEast = -2.52662
sigma = 9.464
meanCeWest = -0.879896
sigma = 1.4056
meanSnWest = 1.72778
sigma = 3.30376
meanBiWest = -1.1804
sigma = 7.22748
meanCe = -1.39498
sigma = 1.4142
meanSn = 2.70597
sigma = 3.98164
meanBi = -1.85351
sigma = 8.44719
